 219471.519386 
 216995.413797 
 216436.980407 
 216165.219893 
 215998.185842 
 215903.411785 
 215845.727585 
 215804.467059 
 215773.271015 
 215749.727481 
 215732.373243 
 215719.974054 
 215711.151823 
 215704.659241 
 215699.581220 
 215695.344663 
 215691.627839 
 215688.261326 
 215685.153612 
 215682.307583 
 215679.646442 
 215677.120449 
 215674.669058 
 215672.328019 
 215670.126424 
 215667.940894 
 215665.863534 
 215663.834659 
 215661.876146 
 215659.927133 
 215658.047238 
 215656.222495 
 215654.426678 
 215652.666899 
 215650.898267 
 215649.216135 
 215647.543749 
 215645.894032 
 215644.273999 
 215642.672094 
 215641.076354 
 215639.525952 
 215637.998017 
 215636.488070 
 215634.991302 
 215633.522870 
 215632.073054 
 215630.640233 
 215629.221360 
 215627.822209 
 215626.429996 
 215625.059716 
 215623.705796 
 215622.356602 
 215621.021558 
 215619.708107 
 215618.407278 
 215617.111552 
 215615.826030 
 215614.569087 
 215613.312590 
 215612.086483 
 215610.866606 
 215609.692351 
 215608.501722 
 215607.342836 
 215606.226472 
 215605.106629 
 215604.036090 
 215602.964159 
 215601.943255 
 215600.924130 
 215599.957683 
 215598.992674 
 215598.082535 
 215597.199779 
 215596.314959 
 215595.487444 
 215594.687314 
 215593.887623 
 215593.144367 
 215592.426248 
 215591.732656 
 215591.038839 
 215590.396829 
 215589.763950 
 215589.169269 
 215588.594901 
 215588.042246 
 215587.508811 
 215586.982819 
 215586.489172 
 215586.013491 
 215585.538187 
 215585.099368 
 215584.672433 
 215584.260172 
 215583.861576 
 215583.475756 
 215583.102441 
 215582.741349 
 215582.394031 
 215582.044416 
 215581.723273 
 215581.388362 
 215581.088425 
 215580.791738 
 215580.504036 
 215580.160545 
 215579.886510 
