28
45
53
56
64
66
92
114
130
155
159
166
167
194
206
223
276
310
337
369
436
461
470
471
504
527
537
575
595
602
607
631
647
648
691
696
704
708
710
753
760
809
813
815
817
818
914
999
1011
1090
1112
1113
1122
1135
1136
1143
1149
1593
1608
1630
1632
1633
2193
2208
2497
2504
2514
2516
2517
3917
5420
5475
5480
5494
5534
5553
5561
5566
5580
5591
5601
5620
11542
12159
12208
12674
12710
12716
12717
12718
12719
12720
12729
12730
12749
12750
12754
12755
12777
12793
12803
12810
12812
12817
12821
12929
12930
12932
12949
13074
13078
13080
13201
13205
13215
13217
13221
13229
13230
13235
13241
13243
13274
13276
13278
13282
13292
13510
15011
15014
15033
15050
15059
15061
15065
15071
15403
15412
15413
15415
15872
1232